32053
32073
32084
32117
32136
32137
32205
32207
32210
32218
32224
32233
32246
32250
32254
32256
32257
32303
32304
32340
32401
32405
32408
32446
32459
32501
32541
32548
32550
32563
32566
32570
32601
32606
32608
32625
32643
32701
32707
32714
32720
32726
32738
32746
32766
32780
32789
32792
32801
32803
32804
32805
32806
32807
32808
32810
32812
32817
32818
32821
32825
32826
32828
32835
32837
32901
32904
32905
32908
32922
32937
32940
32953
33013
33015
33016
33018
33021
33025
33032
33033
33034
33036
33040
33064
33065
33068
33069
33071
33126
33127
33132
33133
33134
33135
33136
33137
33139
33141
33143
33145
33146
33157
33161
33172
33175
33177
33178
33180
33181
33186
33196
33305
33308
33309
33312
33313
33314
33321
33323
33324
33325
33326
33351
33405
33406
33410
33417
33426
33431
33432
33433
33435
33444
33446
33458
33460
33461
33463
33483
33511
33542
33559
33568
33578
33602
33604
33605
33611
33612
33613
33616
33617
33618
33625
33626
33629
33634
33703
33709
33712
33713
33714
33716
33755
33756
33759
33761
33765
33767
33770
33773
33812
33813
33843
33881
33884
33901
33908
33913
33914
33924
33928
33936
33950
33952
33971
33991
34104
34110
34205
34207
34232
34233
34237
34238
34243
34442
34448
34474
34601
34606
34684
34689
34698
34711
34744
34746
34748
34761
34950
34952
34953
34997
34683
33712
33549
32038
32757
34236
33477